0 1 2 3 4 5 6 7 8 9 -9 -8 -7 -6 -5 -4
2 1 4 3 4 8 6 7 8 -1 -7 -9 -5 -8 -6 -3
0 1 2 3 4 5 6 7 8 9 -9 -8 -7 -6 -5 -4
3 1 4 3 4 8 6 7 8 -1 -7 -9 -5 -8 -6 -3
3 1 4 3 4 8 6 78 -6 -3 -3 -1 0 -1 3 1
7 -2 -8 -9 -6 -9 -6 -4 -32 -1 30 -1 0 1 2 3
3 1 4 3 0 1 2 3 4 5 6 7 8 9 -9 -8
4 8 6 7 8 -1 -7 -9 -5 -8 -6 -3 -3 -1 0 -1
4 0 3 7 5 14 7 17 6 -2 -8 -17 1 -7 7 3
3 -1 2 6 4 13 6 16 5 -3 -9 -18 0 -8 6 2
-3 -2 -1 0 -4 -2 -1 -1 -3 -2 -1 0 -3 -1 0
-1 4 4 4 7 6 16 -7 -6 -5 -4 -3 -2 -1 0 4 5
6 7 8 9 -9 -8 -7 -6 3 1 3 7 5 14 7 17 6 -2
-8 -17 1 -7 7 3 1 -1 56 0 1 -1 56 -1 0 -2 55 78
